# Created by Octave 4.2.1, Sat Mar 03 02:06:26 2018 IST <sudeepam@sudeepam-HP-Pavilion-15-Notebook-PC>
# name: td
# type: matrix
# rows: 22
# columns: 14
 120 50 109 115 97 116 101 0 0 0 0 0 0 0
 120 120 111 114 114 0 0 0 0 0 0 0 0 0
 120 118 111 114 114 50 0 0 0 0 0 0 0 0
 120 99 112 118 0 0 0 0 0 0 0 0 0 0
 120 99 111 98 102 0 0 0 0 0 0 0 0 0
 120 117 101 95 98 101 110 105 95 105 110 100 101 120
 120 108 97 98 101 108 0 0 0 0 0 0 0 0
 120 107 105 109 0 0 0 0 0 0 0 0 0 0
 120 115 108 50 111 99 116 0 0 0 0 0 0 0
 120 108 97 99 108 111 115 101 0 0 0 0 0 0
 120 108 115 102 105 109 102 111 0 0 0 0 0 0
 120 108 115 111 111 101 110 0 0 0 0 0 0 0
 108 120 115 114 101 97 100 0 0 0 0 0 0 0
 120 108 115 114 119 105 116 101 0 0 0 0 0 0
 120 109 108 116 101 97 100 0 0 0 0 0 0 0
 122 109 108 119 114 105 116 101 0 0 0 0 0 0
 120 111 114 0 0 0 0 0 0 0 0 0 0 0
 43 120 112 114 111 112 101 110 0 0 0 0 0 0
 120 97 118 108 0 0 0 0 0 0 0 0 0 0
 120 121 122 108 55 97 98 0 0 0 0 0 0 0
 120 116 122 50 114 103 98 0 0 0 0 0 0 0
 120 122 119 114 111 0 0 0 0 0 0 0 0 0


